1.0 0.0
1.0 0.0
0.9497977363721105 -4.240739575284689e-16
0.9374132606900087 -1.6962958301138756e-15
0.9325693469182592 7.067899292141149e-16
0.9284486608023184 -8.481479150569378e-16
0.9226280646876454 0.0
0.926122974024627 -1.1308638867425838e-15
0.9222784296789001 5.654319433712919e-16
0.9194320676162815 -4.240739575284689e-16
0.9212753967804125 -1.6256168371924641e-15
0.9212398051496344 -1.4135798584282298e-15
0.9232089148522187 5.654319433712919e-16
0.9247292054231239 1.2722218725854067e-15
0.9202583543943882 0.0
0.9219018326985171 -1.766974823035287e-17
0.9240658772177563 5.654319433712919e-16
0.9187465502826191 -2.8271597168564594e-16
0.9182005677834645 -4.240739575284689e-16
0.9171629622852455 0.0
0.9145668096337004 -2.8271597168564594e-16
0.9219937193166544 1.4135798584282297e-16
0.9145252437178926 1.2722218725854067e-15
0.9158258517015434 -3.1805546814635167e-16
0.9142181216795178 -7.774689221355263e-16
0.9179254751394372 -1.1308638867425838e-15
0.9184956775671012 1.4135798584282297e-16
0.9175636713127675 -2.8271597168564594e-16
0.9180442377139765 5.654319433712919e-16
0.9130591487891158 8.481479150569378e-16
0.9142809213780269 2.8271597168564594e-16
0.9166844545479702 -1.6962958301138756e-15
0.9190482997895851 -7.067899292141149e-16
0.9183209051793894 -8.481479150569378e-16
0.9183209051793894 -8.481479150569378e-16
0.9182490254676213 -4.240739575284689e-16
0.9197674581908525 7.067899292141149e-17
0.916230106777955 -2.8271597168564594e-16
0.9151069042684982 -4.240739575284689e-16
0.9183401039431776 3.5339496460705744e-16
0.9178154006048337 -1.4135798584282297e-16
0.9221880294915414 7.067899292141149e-16
0.9191160988855066 7.421294256748206e-16
0.9190367396438178 4.240739575284689e-16
0.9193541635067589 -4.947529504498804e-16
0.9167368801791123 -2.8271597168564594e-16
0.9134706927244016 9.895059008997609e-16
0.9159598561528924 1.4135798584282297e-16
0.9197454842136116 -4.947529504498804e-16
0.9153259070321934 1.4135798584282297e-16
0.9174632491812544 0.0
0.9205138432787395 2.8271597168564594e-16
0.9176118354954771 1.1308638867425838e-15
0.9179391665968114 -8.481479150569378e-16
0.9179732454284022 1.2722218725854067e-15
0.9185361893823764 5.654319433712919e-16
0.9176508434250585 -8.481479150569378e-16
0.9170774290342834 1.6962958301138756e-15
